{"lat":45.755020073323806,"lng":4.863595962524414,"capacity":20,"full":18,"draggable":false,"_id":"AqQu5dwYpRGu04vw"}
{"lat":45.755139846092504,"lng":4.829263687133789,"capacity":20,"full":2,"draggable":false,"_id":"HLbO4slVYHFOJNhq"}
{"lat":45.737410679966985,"lng":4.865312576293945,"capacity":20,"full":11,"draggable":false,"_id":"hcCstzq4SGf80hMY"}
{"$$deleted":true,"_id":"AqQu5dwYpRGu04vw"}
{"$$deleted":true,"_id":"HLbO4slVYHFOJNhq"}
{"$$deleted":true,"_id":"hcCstzq4SGf80hMY"}
{"lat":45.755020073323806,"lng":4.863595962524414,"capacity":20,"full":18,"message":"item1","draggable":false,"_id":"UWsHCeBw8DCbqekX"}
{"lat":45.737410679966985,"lng":4.865312576293945,"capacity":20,"full":11,"message":"item2","draggable":false,"_id":"gmHHvaw2toTpaquz"}
{"lat":45.755139846092504,"lng":4.829263687133789,"capacity":20,"full":2,"message":"item3","draggable":false,"_id":"i4RKkjw0D9QRiZYF"}
